bridge hong kong macao zhuhai 一座 一清 一清二白 三大 三红 三红四绿五黄 中华 中国 中式 为主 主要 乃至 之一 二白 于秋冬 五黄 产物 京藏 伶仃洋 位于 作为 作用 佳肴 全世界 全国 全线通车 兰州 具体 具有 冰晶 凝华 凝结 出现 功能 北京 区域 十大 协会 南环段 原因 又称 受到 吃法 味道鲜美 四绿 因为 固亦称 国内 地区 地质 地面 城市 城市绿化 境内 处在 外来 大桥 大量 大面积 天气 好评 季节 就是 尽人皆知 工程 已于 干扰 广东省 建设 开工 开工日期 得到 微小 快餐 恢复原状 悬浮 所以 所说 拉萨 提起 改善 月份 条件 格尔木 栽种 桥隧 植物 欢迎 气溶胶 水汽 水滴 汤清 汤镜者 没有 活动 涮大羊 涮羊肉 深受 清汤 港珠澳 澳门 烹饪 牛肉面 独特 环境 环线 珠江三角洲 珠海 甘肃省 生态环境 生态系统 由于 破坏 空气 第一面 简便 系统 组成 组织 绿化 羊肉 美誉 肉烂者 能力 萝卜 蒜苗 规划 计划 评为 赢得 辣椒油 还原 这道 连接 通常 通车 那曲 铜锅 锅子 阶段 面条 面细者 顾客 风味 风味小吃 香港 香菜 高速公路 黄亮 

0.0 0.0 0.0 0.0 0.0 0.0 0.1272835101 0.1272835101 0.1272835101 0.1272835101 0.1272835101 0.1272835101 0.208748598195 0.1272835101 0.0 0.0 0.1272835101 0.208748598195 0.1272835101 0.0 0.1272835101 0.0 0.0 0.0 0.0 0.0 0.0 0.0 0.1272835101 0.0 0.0 0.381850530299 0.0 0.0 0.0 0.0 0.0 0.0 0.0 0.0 0.0 0.1272835101 0.1272835101 0.0 0.0 0.1272835101 0.0 0.0 0.0 0.1272835101 0.0 0.0 0.1272835101 0.104374299097 0.0 0.0 0.0 0.0 0.0 0.0 0.0 0.0 0.0 0.0 0.0 0.1272835101 0.0 0.0 0.0 0.0 0.0 0.0 0.0 0.0 0.0 0.0 0.1272835101 0.0 0.1272835101 0.0 0.0 0.0 0.0 0.0 0.0 0.0 0.0 0.0 0.0 0.0 0.0 0.0 0.0 0.0 0.0 0.0 0.1272835101 0.1272835101 0.0 0.0 0.0 0.0 0.0 0.1272835101 0.0 0.0 0.104374299097 0.254567020199 0.1272835101 0.0 0.0 0.0 0.0 0.1272835101 0.0 0.0 0.0 0.0 0.0 0.1272835101 0.0 0.0 0.0 0.0 0.0 0.0 0.1272835101 0.1272835101 0.0 0.1272835101 0.1272835101 0.0 0.0 0.1272835101 0.1272835101 0.1272835101 0.0 0.0 0.0 0.0 0.0 0.0 0.0 0.0 0.0 0.254567020199 0.1272835101 0.1272835101 0.1272835101 0.1272835101 0.0 0.1272835101 0.0 0.1272835101 

0.195985995537 0.195985995537 0.195985995537 0.195985995537 0.195985995537 0.195985995537 0.0 0.0 0.0 0.0 0.0 0.0 0.321422639917 0.0 0.0 0.0 0.0 0.0 0.0 0.0 0.0 0.0 0.0 0.195985995537 0.195985995537 0.0 0.0 0.0 0.0 0.0 0.0 0.0 0.0 0.0 0.0 0.0 0.0 0.0 0.0 0.0 0.195985995537 0.0 0.0 0.195985995537 0.0 0.0 0.0 0.0 0.0 0.0 0.0 0.0 0.0 0.160711319959 0.0 0.0 0.0 0.0 0.195985995537 0.0 0.0 0.195985995537 0.0 0.0 0.0 0.0 0.0 0.0 0.0 0.195985995537 0.0 0.0 0.195985995537 0.0 0.0 0.0 0.0 0.0 0.0 0.0 0.0 0.0 0.0 0.0 0.0 0.0 0.0 0.0 0.0 0.0 0.195985995537 0.0 0.0 0.0 0.0 0.0 0.0 0.0 0.0 0.0 0.0 0.0 0.0 0.0 0.195985995537 0.195985995537 0.0 0.0 0.0 0.0 0.195985995537 0.195985995537 0.195985995537 0.0 0.0 0.0 0.0 0.0 0.0 0.0 0.0 0.0 0.0 0.0 0.0 0.0 0.0 0.0 0.0 0.0 0.0 0.0 0.0 0.0 0.0 0.0 0.0 0.0 0.195985995537 0.0 0.0 0.0 0.0 0.0 0.0 0.0 0.0 0.0 0.0 0.0 0.195985995537 0.0 0.160711319959 0.0 

0.0 0.0 0.0 0.0 0.0 0.0 0.0 0.0 0.0 0.0 0.0 0.0 0.0 0.0 0.0 0.102880170331 0.0 0.0 0.0 0.0 0.0 0.0 0.0 0.0 0.0 0.102880170331 0.102880170331 0.0 0.0 0.0 0.0 0.0 0.0 0.205760340661 0.0 0.0 0.0 0.0 0.205760340661 0.0 0.0 0.0 0.0 0.0 0.0712252199442 0.0 0.102880170331 0.0 0.0 0.0 0.0 0.0 0.0 0.0 0.0 0.0 0.617281021984 0.205760340661 0.0 0.0 0.102880170331 0.0 0.0 0.0 0.0 0.0 0.0 0.102880170331 0.0 0.0 0.0 0.102880170331 0.0 0.0 0.0 0.0 0.0 0.0 0.0 0.102880170331 0.0 0.0 0.102880170331 0.0 0.0 0.102880170331 0.0 0.0 0.0 0.102880170331 0.0 0.102880170331 0.0 0.0 0.0 0.0 0.0 0.0 0.0 0.102880170331 0.0 0.0 0.0 0.0 0.0 0.0 0.0 0.0 0.0 0.102880170331 0.0 0.0 0.0 0.0 0.102880170331 0.411520681323 0.102880170331 0.102880170331 0.0 0.0 0.0 0.0 0.0 0.102880170331 0.102880170331 0.0 0.0 0.0 0.102880170331 0.0 0.0 0.0 0.0 0.0 0.0 0.0 0.308640510992 0.0 0.0 0.102880170331 0.0 0.0 0.0 0.0 0.0 0.0 0.0 0.0 0.0 0.0 0.0 0.0 0.0 0.0 

0.0 0.0 0.0 0.0 0.0 0.0 0.0 0.0 0.0 0.0 0.0 0.0 0.0 0.0 0.216360438138 0.0 0.0 0.0 0.0 0.0 0.0 0.0 0.0 0.0 0.0 0.0 0.0 0.216360438138 0.0 0.0 0.0 0.0 0.0 0.0 0.0 0.0 0.0 0.0 0.0 0.354837308704 0.0 0.0 0.0 0.0 0.0 0.0 0.0 0.216360438138 0.216360438138 0.0 0.216360438138 0.216360438138 0.0 0.0 0.0 0.0 0.0 0.0 0.0 0.0 0.0 0.0 0.0 0.0 0.0 0.0 0.0 0.0 0.216360438138 0.0 0.0 0.0 0.0 0.0 0.0 0.0 0.0 0.0 0.0 0.0 0.0 0.216360438138 0.0 0.0 0.216360438138 0.0 0.0 0.0 0.0 0.0 0.0 0.0 0.216360438138 0.0 0.0 0.0 0.0 0.0 0.0 0.0 0.216360438138 0.216360438138 0.216360438138 0.0 0.0 0.0 0.177418654352 0.0 0.0 0.0 0.0 0.0 0.0 0.0 0.0 0.0 0.0 0.0 0.0 0.0 0.216360438138 0.0 0.0 0.0 0.0 0.216360438138 0.0 0.0 0.0 0.0 0.0 0.0 0.0 0.0 0.0 0.0 0.0 0.216360438138 0.0 0.0 0.0 0.0 0.216360438138 0.216360438138 0.0 0.0 0.0 0.0 0.0 0.0 0.0 0.0 0.0 0.0 

0.0 0.0 0.0 0.0 0.0 0.0 0.0 0.0 0.0 0.0 0.0 0.0 0.0 0.0 0.0 0.0 0.0 0.0 0.0 0.0 0.0 0.0 0.196782755489 0.0 0.0 0.0 0.0 0.0 0.0 0.0 0.196782755489 0.0 0.196782755489 0.0 0.0 0.0 0.0 0.0 0.0 0.161364674517 0.0 0.0 0.0 0.0 0.13623514615 0.0 0.0 0.0 0.0 0.0 0.0 0.0 0.0 0.0 0.196782755489 0.0 0.0 0.0 0.0 0.196782755489 0.0 0.0 0.0 0.0 0.0 0.0 0.0 0.0 0.0 0.0 0.196782755489 0.0 0.0 0.196782755489 0.196782755489 0.196782755489 0.0 0.0 0.0 0.0 0.0 0.0 0.0 0.196782755489 0.0 0.0 0.0 0.196782755489 0.393565510978 0.0 0.0 0.0 0.0 0.0 0.0 0.0 0.0 0.0 0.196782755489 0.0 0.0 0.0 0.0 0.0 0.0 0.0 0.0 0.0 0.0 0.0 0.0 0.0 0.0 0.0 0.0 0.0 0.0 0.0 0.0 0.0 0.0 0.0 0.0 0.0 0.0 0.0 0.0 0.0 0.0 0.0 0.0 0.196782755489 0.196782755489 0.0 0.0 0.0 0.0 0.0 0.0 0.0 0.196782755489 0.393565510978 0.0 0.0 0.196782755489 0.0 0.0 0.0 0.0 0.0 0.0 0.0 0.161364674517 0.0 

0.0 0.0 0.0 0.0 0.0 0.0 0.0 0.0 0.0 0.0 0.0 0.0 0.0 0.0 0.0 0.0 0.0 0.15454998312 0.0 0.188472301203 0.0 0.188472301203 0.0 0.0 0.0 0.0 0.0 0.0 0.0 0.188472301203 0.0 0.0 0.0 0.0 0.188472301203 0.188472301203 0.188472301203 0.188472301203 0.0 0.0 0.0 0.0 0.0 0.0 0.130481715412 0.0 0.0 0.0 0.0 0.0 0.0 0.0 0.0 0.0 0.0 0.376944602406 0.0 0.0 0.0 0.0 0.0 0.0 0.188472301203 0.188472301203 0.188472301203 0.0 0.188472301203 0.0 0.0 0.0 0.0 0.0 0.0 0.0 0.0 0.0 0.0 0.188472301203 0.0 0.0 0.188472301203 0.0 0.0 0.0 0.0 0.0 0.188472301203 0.0 0.0 0.0 0.0 0.0 0.0 0.188472301203 0.188472301203 0.188472301203 0.0 0.0 0.0 0.0 0.0 0.0 0.0 0.0 0.0 0.0 0.0 0.0 0.0 0.0 0.0 0.0 0.0 0.0 0.0 0.0 0.0 0.0 0.376944602406 0.0 0.0 0.188472301203 0.188472301203 0.0 0.0 0.0 0.0 0.0 0.0 0.0 0.0 0.0 0.0 0.0 0.0 0.0 0.0 0.0 0.0 0.0 0.0 0.0 0.0 0.0 0.0 0.0 0.0 0.0 0.0 0.0 0.0 0.0 0.0 0.0 

